          B_6HR               0.1
                    0.0       0.0080    0.0162    0.0246    0.0330
                    0.0425    0.0524    0.0630    0.0743    0.0863
                    0.0990    0.1124    0.1265    0.1420    0.1595
                    0.1800    0.2050    0.2550    0.3450    0.4370
                    0.5300    0.6030    0.6330    0.6600    0.6840
                    0.7050    0.7240    0.7420    0.7590    0.7750
                    0.7900    0.8043    0.8180    0.8312    0.8439
                    0.8561    0.8678    0.8790    0.8898    0.9002
                    0.9103    0.9201    0.9297    0.9391    0.9483
                    0.9573    0.9661    0.9747    0.9832    0.9916
                    1.0000                                        
