          I_48                0.1                                               
                    0.0       0.0004    0.0008    0.0012    0.0016
                    0.0200    0.0250    0.0300    0.0350    0.0400
                    0.0450    0.0500    0.0550    0.0600    0.0650
                    0.0700    0.0750    0.0810    0.0870    0.0930
                    0.0990    0.1050    0.1110    0.1180    0.1250
                    0.1320    0.1400    0.1480    0.1560    0.1650
                    0.1740    0.1840    0.1950    0.2070    0.2200
                    0.2360    0.2550    0.2770    0.3030    0.4090
                    0.5150    0.5490    0.5830    0.6050    0.6240
                    0.6400    0.6550    0.6690    0.6820    0.6940
                    0.7580    0.7670    0.7760    0.7840    0.7920
                    0.8000    0.8080    0.8160    0.8230    0.8300
                    0.8370    0.8440    0.8510    0.8580    0.8640
                    0.8700    0.8760    0.8820    0.8880    0.8940
                    0.9000    0.9060    0.9110    0.9160    0.9210
                    0.9260    0.9310    0.9360    0.9410    0.9460
                    0.9510    0.9560    0.9610    0.9660    0.9710
                    0.9760    0.9800    0.9840    0.9880    0.9920
                    0.9960    1.0000    1.0000    1.0000    1.0000
                    1.0000    1.0000    1.0000    1.0000    1.0000
                    1.0000    1.0000    1.0000    1.0000    1.0000
                    1.0000    1.0000    1.0000    1.0000    1.0000
                    1.0000    1.0000    1.0000    1.0000    1.0000
                    1.0000    1.0000    1.0000    1.0000    1.0000
                    1.0000    1.0000    1.0000    1.0000    1.0000
                    1.0000    1.0000    1.0000    1.0000    1.0000
                    1.0000    1.0000    1.0000    1.0000    1.0000
                    1.0000    1.0000    1.0000    1.0000    1.0000
                    1.0000    1.0000    1.0000    1.0000    1.0000
                    1.0000    1.0000    1.0000    1.0000    1.0000
                    1.0000    1.0000    1.0000    1.0000    1.0000
                    1.0000    1.0000    1.0000    1.0000    1.0000
                    1.0000    1.0000    1.0000    1.0000    1.0000
                    1.0000    1.0000    1.0000    1.0000    1.0000
                    1.0000    1.0000    1.0000    1.0000    1.0000
                    1.0000    1.0000    1.0000    1.0000    1.0000
                    1.0000    1.0000    1.0000    1.0000    1.0000
                    1.0000    1.0000    1.0000    1.0000    1.0000
                    1.0000    1.0000    1.0000    1.0000    1.0000
                    1.0000    1.0000    1.0000    1.0000    1.0000
                    1.0000    1.0000    1.0000    1.0000    1.0000
                    1.0000    1.0000    1.0000    1.0000    1.0000
                    1.0000    1.0000    1.0000    1.0000    1.0000
                    1.0000    1.0000    1.0000    1.0000    1.0000
                    1.0000    1.0000    1.0000    1.0000    1.0000
                    1.0000    1.0000    1.0000    1.0000    1.0000
                    1.0000    1.0000    1.0000    1.0000    1.0000
                    1.0                                                         
