          II_48               0.1                                               
                    0.0       0.0020    0.0050    0.0080    0.0110
                    0.0140    0.0170    0.0200    0.0230    0.0260
                    0.0290    0.0320    0.0350    0.0380    0.0410
                    0.0440    0.0470    0.0510    0.0550    0.0590
                    0.0630    0.0670    0.0710    0.0750    0.0790
                    0.0840    0.0890    0.0940    0.0990    0.1040
                    0.1090    0.1140    0.1200    0.1260    0.1330
                    0.1400    0.1470    0.1540    0.1620    0.1710
                    0.1810    0.1920    0.2040    0.2170    0.2330
                    0.2520    0.2770    0.3180    0.6380    0.6980
                    0.7290    0.7520    0.7700    0.7850    0.7980
                    0.8090    0.8190    0.8290    0.8380    0.8460
                    0.8540    0.8610    0.8680    0.8740    0.8800
                    0.8860    0.8920    0.8970    0.9020    0.9070
                    0.9120    0.9170    0.9210    0.9250    0.9290
                    0.9330    0.9370    0.9410    0.9450    0.9490
                    0.9530    0.9570    0.9600    0.9630    0.9660
                    0.9690    0.9720    0.9750    0.9780    0.9810
                    0.9840    0.9870    0.9900    0.9930    0.9960
                    0.9980    1.0000    1.0000    1.0000    1.0000
                    1.0000    1.0000    1.0000    1.0000    1.0000
                    1.0000    1.0000    1.0000    1.0000    1.0000
                    1.0000    1.0000    1.0000    1.0000    1.0000
                    1.0000    1.0000    1.0000    1.0000    1.0000
                    1.0000    1.0000    1.0000    1.0000    1.0000
                    1.0000    1.0000    1.0000    1.0000    1.0000
                    1.0000    1.0000    1.0000    1.0000    1.0000
                    1.0000    1.0000    1.0000    1.0000    1.0000
                    1.0000    1.0000    1.0000    1.0000    1.0000
                    1.0000    1.0000    1.0000    1.0000    1.0000
                    1.0000    1.0000    1.0000    1.0000    1.0000
                    1.0000    1.0000    1.0000    1.0000    1.0000
                    1.0000    1.0000    1.0000    1.0000    1.0000
                    1.0000    1.0000    1.0000    1.0000    1.0000
                    1.0000    1.0000    1.0000    1.0000    1.0000
                    1.0000    1.0000    1.0000    1.0000    1.0000
                    1.0000    1.0000    1.0000    1.0000    1.0000
                    1.0000    1.0000    1.0000    1.0000    1.0000
                    1.0000    1.0000    1.0000    1.0000    1.0000
                    1.0000    1.0000    1.0000    1.0000    1.0000
                    1.0000    1.0000    1.0000    1.0000    1.0000
                    1.0000    1.0000    1.0000    1.0000    1.0000
                    1.0000    1.0000    1.0000    1.0000    1.0000
                    1.0000    1.0000    1.0000    1.0000    1.0000
                    1.0000    1.0000    1.0000    1.0000    1.0000
                    1.0000    1.0000    1.0000    1.0000    1.0000
                    1.0000    1.0000    1.0000    1.0000    1.0000
                    1.0000    1.0000    1.0000    1.0000    1.0000
                    1.0000                                                        
